DY
1000
4
D0;D1;D2;D3
P0;0.25912;0.38888;0.046511;0.90771;1.0
P1;0.50822;0.58018;0.62788;0.50118;2.0
P2;0.97324;0.49293;0.33897;0.16613;2.0
P3;0.81823;0.55893;0.0062903;0.19241;3.0
P4;0.85876;0.85461;0.92063;0.52849;3.0
P5;0.89662;0.69146;0.19111;0.9142;1.0
P6;0.2995;0.045329;0.59591;0.035803;1.0
P7;0.88003;0.90106;0.80343;0.16379;1.0
P8;0.25521;0.25425;0.22702;0.15585;3.0
P9;0.19215;0.5557;0.86235;0.48841;2.0
P10;0.18662;0.61324;0.89441;0.38102;3.0
P11;0.86111;0.82017;0.25931;0.771;1.0
P12;0.4446;0.54852;0.80291;0.14093;2.0
P13;0.38661;0.026271;0.34428;0.67033;1.0
P14;0.83201;0.83752;0.14299;0.57511;1.0
P15;0.20649;0.96075;0.78233;0.81902;1.0
P16;0.8978;0.83116;0.88102;0.60729;3.0
P17;0.4595;0.40224;0.83031;0.73076;2.0
P18;0.16345;0.50319;0.38363;0.74377;2.0
P19;0.26875;0.65265;0.19712;0.61926;3.0
P20;0.5207;0.69609;0.5122;0.24807;2.0
P21;0.77237;0.77972;0.27781;0.14483;3.0
P22;0.38739;0.87844;0.10312;0.48561;2.0
P23;0.044425;0.23001;0.18975;0.38478;3.0
P24;0.98685;0.80036;0.12955;0.047642;3.0
P25;0.52302;0.75322;0.24061;0.033204;2.0
P26;0.84368;0.98234;0.5632;0.63118;3.0
P27;0.89186;0.11109;0.72827;0.30944;3.0
P28;0.68559;0.71686;0.75658;0.1877;1.0
P29;0.51784;0.66669;0.14686;0.76585;2.0
P30;0.44196;0.17798;0.12108;0.61078;1.0
P31;0.38014;0.35468;0.16636;0.71997;1.0
P32;0.031844;0.38981;0.43843;0.59407;2.0
P33;0.21588;0.58508;0.29691;0.7228;3.0
P34;0.085304;0.19461;0.54257;0.90879;3.0
P35;0.79688;0.17313;0.92444;0.12708;3.0
P36;0.40181;0.91787;0.25258;0.76002;3.0
P37;0.049794;0.35455;0.5996;0.088641;1.0
P38;0.31649;0.068126;0.2413;0.68271;1.0
P39;0.87122;0.19642;0.33914;0.90911;3.0
P40;0.93141;0.50354;0.66437;0.15418;2.0
P41;0.42573;0.39276;0.056811;0.93923;1.0
P42;0.86616;0.90531;0.98918;0.94151;3.0
P43;0.48064;0.24339;0.90399;0.43648;2.0
P44;0.90834;0.23289;0.79406;0.2459;3.0
P45;0.25053;0.016065;0.084792;0.071456;3.0
P46;0.52664;0.45002;0.92822;0.85374;2.0
P47;0.24483;0.69553;0.55618;0.59474;2.0
P48;0.83844;0.70595;0.29219;0.5758;1.0
P49;0.52572;0.45999;0.012561;0.35199;2.0
P50;0.3498;0.097743;0.41829;0.86463;1.0
P51;0.25713;0.64926;0.99946;0.067735;3.0
P52;0.16883;0.62745;0.67354;0.20106;3.0
P53;0.59923;0.14896;0.54985;0.90828;2.0
P54;0.81099;0.20207;0.77195;0.19261;3.0
P55;0.84892;0.66271;0.31969;0.13114;3.0
P56;0.84477;0.32945;0.6893;0.77505;1.0
P57;0.235;0.28045;0.36484;0.71366;1.0
P58;0.50829;0.41151;0.073261;0.46905;2.0
P59;0.66935;0.85356;0.91789;0.35722;1.0
P60;0.090741;0.30453;0.10276;0.13509;3.0
P61;0.543;0.75969;0.74845;0.11212;1.0
P62;0.29799;0.5472;0.78429;0.48263;2.0
P63;0.38184;0.77782;0.35314;0.9259;3.0
P64;0.53389;0.78706;0.021157;0.22615;3.0
P65;0.42653;0.94382;0.016422;0.089469;1.0
P66;0.23204;0.11263;0.33899;0.50707;2.0
P67;0.028419;0.86659;0.72046;0.30097;3.0
P68;0.026028;0.8497;0.9014;0.77496;1.0
P69;0.2743;0.29513;0.47366;0.0073747;2.0
P70;0.69448;0.23336;0.055742;0.25114;1.0
P71;0.33;0.47721;0.40777;0.66521;2.0
P72;0.75049;0.19106;0.33576;0.19606;1.0
P73;0.79565;0.91399;0.3041;0.99362;1.0
P74;0.053742;0.31586;0.29649;0.75618;1.0
P75;0.0092239;0.10874;0.97142;0.32847;1.0
P76;0.72812;0.43928;0.57529;0.54122;2.0
P77;0.66439;0.53788;0.23737;0.47835;2.0
P78;0.58533;0.049176;0.91166;0.21677;3.0
P79;0.91904;0.55143;0.037761;0.7935;1.0
P80;0.16734;0.59143;0.55703;0.63821;2.0
P81;0.97196;0.27524;0.67447;0.76457;1.0
P82;0.21961;0.41843;0.93253;0.73981;3.0
P83;0.038249;0.49913;0.98848;0.12716;2.0
P84;0.22896;0.61315;0.17239;0.68403;3.0
P85;0.70777;0.83828;0.0029807;0.74728;1.0
P86;0.35262;0.8964;0.12321;0.35808;1.0
P87;0.70949;0.48669;0.16428;0.19062;2.0
P88;0.58869;0.25073;0.57167;0.57439;2.0
P89;0.10876;0.15207;0.56742;0.26235;1.0
P90;0.64682;0.62245;0.75767;0.39173;2.0
P91;0.73111;0.85867;0.11049;0.32104;3.0
P92;0.86338;0.89075;0.73538;0.27014;1.0
P93;0.022648;0.15708;0.53314;0.0046972;1.0
P94;0.1512;0.59673;0.46407;0.31285;2.0
P95;0.52519;0.83478;0.59443;0.66109;2.0
P96;0.22656;0.81007;0.98321;0.50692;2.0
P97;0.84166;0.79763;0.36518;0.87813;1.0
P98;0.43003;0.87841;0.27546;0.076109;1.0
P99;0.29939;0.40144;0.32796;0.96439;1.0
P100;0.57717;0.83788;0.88782;0.13291;1.0
P101;0.34475;0.62605;0.77577;0.59695;2.0
P102;0.85701;0.20699;0.23168;0.37865;1.0
P103;0.28657;0.37642;0.65062;0.39813;2.0
P104;0.44095;0.70876;0.03186;0.78825;3.0
P105;0.76639;0.028757;0.97512;0.53833;1.0
P106;0.38301;0.28311;0.11479;0.4534;2.0
P107;0.2388;0.62233;0.14239;0.01423;1.0
P108;0.39391;0.10328;0.71914;0.31825;1.0
P109;0.19583;0.36987;0.3279;0.27301;3.0
P110;0.4407;0.50114;0.67792;0.40191;2.0
P111;0.6184;0.32365;0.10174;0.22999;1.0
P112;0.23186;0.89549;0.55987;0.68343;1.0
P113;0.87143;0.70199;0.12277;0.3645;3.0
P114;0.73142;0.12055;0.2509;0.19266;1.0
P115;0.31995;0.99505;0.57018;0.12057;3.0
P116;0.81178;0.94392;0.0088831;0.65173;1.0
P117;0.45886;0.78738;0.46846;0.31207;2.0
P118;0.67597;0.62177;0.29404;0.070278;3.0
P119;0.28779;0.95071;0.25934;0.64996;3.0
P120;0.73052;0.11109;0.51948;0.8489;2.0
P121;0.73422;0.87692;0.50107;0.10133;2.0
P122;0.70793;0.76806;0.064558;0.34236;3.0
P123;0.20947;0.68507;0.48483;0.21163;2.0
P124;0.17116;0.71925;0.8193;0.091206;3.0
P125;0.53374;0.60623;0.65966;0.25262;2.0
P126;0.70886;0.13553;0.19415;0.20702;1.0
P127;0.0010128;0.56777;0.95887;0.61605;1.0
P128;0.19098;0.34633;0.95393;0.89185;3.0
P129;0.73601;0.67827;0.9069;0.71641;3.0
P130;0.99554;0.33912;0.38107;0.86522;3.0
P131;0.19713;0.32833;0.64179;0.83825;3.0
P132;0.23289;0.21448;0.82031;0.019567;1.0
P133;0.33519;0.37178;0.41696;0.33124;2.0
P134;0.13903;0.44108;0.71782;0.056253;1.0
P135;0.33652;0.46703;0.8323;0.67265;3.0
P136;0.56615;0.26469;0.6694;0.23808;3.0
P137;0.46099;0.89016;0.557;0.47493;2.0
P138;0.89155;0.050406;0.95982;0.055083;3.0
P139;0.1174;0.44914;0.8947;0.84048;3.0
P140;0.10618;0.89546;0.12593;0.59987;3.0
P141;0.39189;0.91123;0.45322;0.27945;2.0
P142;0.69674;0.1598;0.30337;0.96504;3.0
P143;0.88853;0.58435;0.12696;0.087734;3.0
P144;0.046204;0.44691;0.32043;0.046899;3.0
P145;0.29218;0.97342;0.3694;0.61763;3.0
P146;0.95375;0.77711;0.85705;0.96851;3.0
P147;0.76097;0.95597;0.18093;0.12633;3.0
P148;0.055771;0.23699;0.099291;0.3714;3.0
P149;0.028424;0.063711;0.017634;0.27367;3.0
P150;0.92707;0.22923;0.79786;0.12912;3.0
P151;0.37059;0.78142;0.25654;0.38599;2.0
P152;0.015834;0.96483;0.35983;0.31319;1.0
P153;0.50364;0.2247;0.80853;0.85462;2.0
P154;0.94915;0.88482;0.56625;0.79315;3.0
P155;0.93244;0.94683;0.78208;0.62374;3.0
P156;0.053707;0.18717;0.48781;0.55212;2.0
P157;0.91455;0.6209;0.44157;0.23643;2.0
P158;0.50375;0.86257;0.33795;0.23723;2.0
P159;0.19154;0.30881;0.054782;0.30579;3.0
P160;0.61883;0.17198;0.69234;0.22364;3.0
P161;0.87532;0.72414;0.017722;0.16094;3.0
P162;0.41988;0.58611;0.42142;0.89046;2.0
P163;0.93043;0.45627;0.88138;0.77615;1.0
P164;0.53036;0.45382;0.0014805;0.87944;2.0
P165;0.8444;0.11831;0.5007;0.8005;2.0
P166;0.76051;0.00055745;0.7548;0.083407;3.0
P167;0.64895;0.90423;0.67551;0.163;1.0
P168;0.92929;0.15882;0.1811;0.026172;1.0
P169;0.69858;0.84608;0.99602;0.32241;1.0
P170;0.22831;0.47669;0.89146;0.2047;2.0
P171;0.70341;0.31606;0.69599;0.5274;2.0
P172;0.23803;0.12667;0.10201;0.033912;3.0
P173;0.54034;0.67243;0.87168;0.15756;2.0
P174;0.37726;0.91511;0.90835;0.60388;1.0
P175;0.63288;0.34244;0.90608;0.57921;2.0
P176;0.9876;0.2041;0.56714;0.54035;2.0
P177;0.77693;0.57463;0.40824;0.95621;1.0
P178;0.71688;0.54227;0.10064;0.63089;2.0
P179;0.84262;0.37737;0.54388;0.60011;2.0
P180;0.26191;0.08618;0.44019;0.047951;3.0
P181;0.46128;0.41929;0.63055;0.22566;2.0
P182;0.36292;0.64129;0.21449;0.35826;2.0
P183;0.61699;0.12599;0.63981;0.73594;1.0
P184;0.30945;0.68353;0.96842;0.52798;2.0
P185;0.63266;0.8314;0.69721;0.70963;3.0
P186;0.77905;0.85501;0.88416;0.49564;2.0
P187;0.88804;0.60105;0.92684;0.79407;3.0
P188;0.67884;0.80317;0.94526;0.20674;1.0
P189;0.2144;0.72513;0.51788;0.94185;2.0
P190;0.19674;0.70118;0.17818;0.65639;3.0
P191;0.41061;0.93835;0.82197;0.24335;3.0
P192;0.76698;0.18886;0.048909;0.27948;1.0
P193;0.7867;0.90415;0.12916;0.094481;3.0
P194;0.5996;0.92345;0.93192;0.68035;3.0
P195;0.16006;0.72475;0.28091;0.93105;3.0
P196;0.18761;0.37409;0.9441;0.57284;3.0
P197;0.85913;0.70218;0.68434;0.91074;3.0
P198;0.5153;0.18334;0.67415;0.63792;2.0
P199;0.46899;0.94007;0.3767;0.97212;3.0
P200;0.0052759;0.22762;0.8681;0.63735;3.0
P201;0.7576;0.60143;0.55854;0.80082;2.0
P202;0.51368;0.026628;0.30337;0.87936;3.0
P203;0.4419;0.7808;0.84924;0.95679;1.0
P204;0.97445;0.29903;0.78456;0.31058;3.0
P205;0.35033;0.35433;0.97063;0.60443;3.0
P206;0.1977;0.15086;0.97825;0.27423;1.0
P207;0.47859;0.44649;0.60327;0.073043;2.0
P208;0.88889;0.84888;0.014928;0.14524;3.0
P209;0.55983;0.90214;0.25693;0.32552;2.0
P210;0.24912;0.42371;0.31005;0.55212;2.0
P211;0.26496;0.27183;0.22729;0.17766;3.0
P212;0.56338;0.70506;0.72256;0.55591;2.0
P213;0.79316;0.67863;0.64914;0.66467;3.0
P214;0.021178;0.77767;0.92958;0.54376;1.0
P215;0.73692;0.39556;0.544;0.87804;2.0
P216;0.40114;0.025114;0.44185;0.08105;3.0
P217;0.71007;0.95953;0.64023;0.027187;1.0
P218;0.6411;0.47289;0.22018;0.65719;2.0
P219;0.64779;0.8848;0.049502;0.17062;3.0
P220;0.95873;0.86751;0.21045;0.48642;2.0
P221;0.51567;0.8614;0.86419;0.58726;2.0
P222;0.012846;0.37892;0.11084;0.31401;3.0
P223;0.82859;0.3759;0.96497;0.3582;3.0
P224;0.62654;0.61555;0.40366;0.97287;2.0
P225;0.60839;0.66327;0.18237;0.11553;3.0
P226;0.706;0.29423;0.56284;0.8954;1.0
P227;0.53506;0.10347;0.41236;0.8445;3.0
P228;0.06114;0.02107;0.78841;0.12158;1.0
P229;0.55562;0.14859;0.077033;0.15214;1.0
P230;0.066898;0.33268;0.027241;0.75232;1.0
P231;0.75199;0.033805;0.84185;0.17673;3.0
P232;0.035388;0.73273;0.12068;0.59635;3.0
P233;0.95862;0.44315;0.95265;0.45936;2.0
P234;0.37381;0.40433;0.61217;0.78039;2.0
P235;0.99679;0.092396;0.26351;0.7679;3.0
P236;0.75873;0.8295;0.69648;0.55994;3.0
P237;0.083353;0.92716;0.52642;0.86976;1.0
P238;0.51274;0.82275;0.62898;0.22118;2.0
P239;0.86694;0.1176;0.62064;0.80955;1.0
P240;0.65934;0.1702;0.72012;0.14423;3.0
P241;0.068854;0.79445;0.045182;0.57476;3.0
P242;0.92514;0.37921;0.80583;0.38376;3.0
P243;0.039355;0.89238;0.39445;0.6506;3.0
P244;0.99072;0.62841;0.16501;0.54716;1.0
P245;0.69963;0.24722;0.89729;0.38291;3.0
P246;0.86198;0.8186;0.89234;0.15275;1.0
P247;0.16836;0.54753;0.84507;0.22683;3.0
P248;0.69051;0.20264;0.59701;0.31477;2.0
P249;0.84848;0.86478;0.41774;0.10888;3.0
P250;0.22952;0.22225;0.55704;0.3495;1.0
P251;0.1249;0.6012;0.54389;0.37341;2.0
P252;0.051182;0.24642;0.71848;0.28792;1.0
P253;0.63952;0.90302;0.37279;0.93716;1.0
P254;0.078212;0.63706;0.24019;0.98307;3.0
P255;0.7707;0.14444;0.66881;0.91483;1.0
P256;0.55713;0.23388;0.036679;0.26587;1.0
P257;0.094064;0.7852;0.38558;0.069864;1.0
P258;0.72846;0.87097;0.78306;0.33639;1.0
P259;0.42011;0.55385;0.34348;0.88438;2.0
P260;0.67085;0.89778;0.56602;0.0081197;1.0
P261;0.80668;0.94833;0.31826;0.14736;3.0
P262;0.88978;0.2993;0.99308;0.28848;3.0
P263;0.66822;0.4995;0.027324;0.13265;2.0
P264;0.82896;0.39367;0.27254;0.041011;1.0
P265;0.96801;0.94905;0.50234;0.90215;2.0
P266;0.74957;0.93961;0.36967;0.96499;1.0
P267;0.58115;0.73354;0.22194;0.42429;3.0
P268;0.95247;0.35027;0.38638;0.15436;1.0
P269;0.21483;0.3386;0.80427;0.98942;3.0
P270;0.20599;0.78895;0.78463;0.69859;1.0
P271;0.98537;0.79438;0.65541;0.68423;3.0
P272;0.51645;0.3516;0.35743;0.3964;2.0
P273;0.23819;0.33424;0.33902;0.99088;1.0
P274;0.38622;0.40546;0.0527;0.90994;1.0
P275;0.21283;0.55954;0.86286;0.14613;3.0
P276;0.29839;0.70144;0.073851;0.43419;2.0
P277;0.68805;0.82687;0.6846;0.4075;2.0
P278;0.62262;0.46717;0.57359;0.93962;2.0
P279;0.10355;0.181;0.43095;0.39375;3.0
P280;0.28605;0.97368;0.48619;0.79885;2.0
P281;0.60136;0.2527;0.67853;0.0026891;3.0
P282;0.86849;0.46606;0.20321;0.52118;2.0
P283;0.81569;0.035329;0.36828;0.71139;3.0
P284;0.37492;0.13362;0.75989;0.2222;1.0
P285;0.48297;0.080918;0.105;0.28874;2.0
P286;0.77782;0.78482;0.63913;0.80356;3.0
P287;0.21899;0.18006;0.75556;0.89439;3.0
P288;0.15517;0.32599;0.6462;0.81161;3.0
P289;0.2469;0.29547;0.66842;0.65858;3.0
P290;0.97716;0.10332;0.59229;0.98724;1.0
P291;0.54076;0.94228;0.74032;0.67325;3.0
P292;0.66465;0.20651;0.46408;0.20228;2.0
P293;0.67308;0.43115;0.14358;0.14457;1.0
P294;0.61363;0.050459;0.31872;0.20123;1.0
P295;0.066637;0.67579;0.84785;0.099111;3.0
P296;0.46091;0.11066;0.65782;0.62332;2.0
P297;0.35101;0.43399;0.38896;0.67961;2.0
P298;0.60522;0.83475;0.91701;0.31984;1.0
P299;0.61216;0.09678;0.5276;0.18231;2.0
P300;0.30422;0.78442;0.15891;0.91322;3.0
P301;0.83908;0.40223;0.69301;0.11641;3.0
P302;0.17286;0.64556;0.78341;0.97474;1.0
P303;0.0055198;0.61071;0.84645;0.20677;3.0
P304;0.21699;0.014461;0.45729;0.91638;1.0
P305;0.53489;0.58536;0.08896;0.66908;2.0
P306;0.34247;0.42141;0.13562;0.22453;3.0
P307;0.16574;0.035341;0.57132;0.15113;1.0
P308;0.61183;0.65926;0.62354;0.71745;2.0
P309;0.28487;0.77867;0.69715;0.098317;3.0
P310;0.30232;0.1765;0.41573;0.56049;2.0
P311;0.50072;0.92009;0.13873;0.52621;2.0
P312;0.52869;0.32646;0.3101;0.21912;2.0
P313;0.014161;0.28218;0.71236;0.66698;3.0
P314;0.11809;0.70203;0.21245;0.45215;1.0
P315;0.13915;0.93884;0.7338;0.49037;3.0
P316;0.76209;0.83015;0.38934;0.46776;3.0
P317;0.20697;0.455;0.021103;0.77387;1.0
P318;0.50351;0.40558;0.65083;0.36262;2.0
P319;0.23375;0.98876;0.63436;0.71539;1.0
P320;0.66213;0.27886;0.71843;0.15733;3.0
P321;0.64181;0.29995;0.80162;0.49859;2.0
P322;0.84967;0.43387;0.68087;0.1966;3.0
P323;0.8739;0.43982;0.27699;0.18312;1.0
P324;0.94683;0.47928;0.65446;0.67719;2.0
P325;0.80856;0.18956;0.76478;0.89707;1.0
P326;0.076708;0.49738;0.29198;0.60226;2.0
P327;0.30001;0.87723;0.81849;0.25987;3.0
P328;0.10523;0.18925;0.077722;0.58242;1.0
P329;0.70291;0.0064281;0.90888;0.47696;2.0
P330;0.4527;0.2163;0.99767;0.86832;3.0
P331;0.34961;0.54284;0.4188;0.67578;2.0
P332;0.80535;0.52907;0.26591;0.60743;2.0
P333;0.057274;0.75402;0.25996;0.88023;3.0
P334;0.18828;0.64457;0.34011;0.80573;3.0
P335;0.27955;0.68248;0.78858;0.59903;1.0
P336;0.75305;0.71194;0.63652;0.18507;1.0
P337;0.40669;0.47992;0.74723;0.93174;2.0
P338;0.31839;0.28398;0.90319;0.65978;3.0
P339;0.43858;0.11821;0.99997;0.69407;3.0
P340;0.35036;0.53566;0.97721;0.80417;1.0
P341;0.4608;0.54712;0.47598;0.37967;2.0
P342;0.4122;0.82268;0.47773;0.24986;2.0
P343;0.94712;0.69185;0.068609;0.3285;3.0
P344;0.94789;0.70809;0.30473;0.97822;1.0
P345;0.46044;0.1835;0.9231;0.24526;1.0
P346;0.37018;0.3215;0.68617;0.39273;2.0
P347;0.33673;0.16178;0.28638;0.026477;3.0
P348;0.48844;0.74187;0.4339;0.77545;2.0
P349;0.85153;0.56672;0.36741;0.44443;2.0
P350;0.068146;0.74459;0.50026;0.11691;2.0
P351;0.52624;0.28777;0.15761;0.99708;3.0
P352;0.3288;0.094028;0.44758;0.67899;1.0
P353;0.3421;0.58196;0.91474;0.44211;3.0
P354;0.73101;0.085196;0.08877;0.15273;1.0
P355;0.83316;0.77498;0.37212;0.31132;3.0
P356;0.70776;0.71154;0.052508;0.53389;1.0
P357;0.15815;0.020961;0.82236;0.43154;1.0
P358;0.97682;0.20974;0.80505;0.89139;1.0
P359;0.5598;0.67739;0.84305;0.1524;1.0
P360;0.47215;0.45313;0.66203;0.50803;2.0
P361;0.39529;0.49322;0.96104;0.72532;2.0
P362;0.084356;0.35268;0.59784;0.72741;3.0
P363;0.27637;0.6119;0.87839;0.80677;1.0
P364;0.36697;0.45687;0.052432;0.69205;1.0
P365;0.79717;0.29488;0.023191;0.54205;3.0
P366;0.011825;0.83774;0.20523;0.13154;1.0
P367;0.22969;0.34772;0.57773;0.44555;2.0
P368;0.68707;0.97017;0.77126;0.49159;2.0
P369;0.036681;0.40247;0.87209;0.69886;3.0
P370;0.78635;0.5244;0.080858;0.5274;2.0
P371;0.66098;0.51036;0.85004;0.22583;2.0
P372;0.7551;0.5726;0.93043;0.47625;2.0
P373;0.51765;0.89341;0.53762;0.043581;2.0
P374;0.99033;0.3749;0.052655;0.8135;3.0
P375;0.17793;0.96801;0.8868;0.19982;3.0
P376;0.43703;0.35329;0.15985;0.52315;2.0
P377;0.63059;0.18394;0.79575;0.72839;1.0
P378;0.67361;0.56506;0.3073;0.058248;3.0
P379;0.9175;0.69337;0.65248;0.42103;2.0
P380;0.9076;0.51962;0.87429;0.079583;1.0
P381;0.063821;0.70781;0.14538;0.51353;2.0
P382;0.63723;0.90565;0.86935;0.56599;3.0
P383;0.48109;0.87692;0.86228;0.29365;3.0
P384;0.28751;0.26761;0.74752;0.86858;3.0
P385;0.72154;0.92046;0.66751;0.73616;3.0
P386;0.50489;0.18937;0.93169;0.6634;2.0
P387;0.6773;0.23833;0.39304;0.96202;3.0
P388;0.80239;0.53843;0.44407;0.88788;2.0
P389;0.68333;0.13374;0.21739;0.92842;3.0
P390;0.11549;0.22731;0.79689;0.7127;3.0
P391;0.95764;0.25653;0.87003;0.083296;3.0
P392;0.33555;0.31739;0.72623;0.25439;1.0
P393;0.31829;0.13298;0.12906;0.34808;3.0
P394;0.66835;0.164;0.094574;0.89658;3.0
P395;0.14679;0.27122;0.093669;0.71891;1.0
P396;0.278;0.34523;0.19515;0.26091;3.0
P397;0.65942;0.20298;0.44247;0.12823;1.0
P398;0.54223;0.07152;0.31854;0.75917;3.0
P399;0.28409;0.87348;0.64422;0.8048;1.0
P400;0.9762;0.15187;0.74128;0.264;3.0
P401;0.57458;0.79429;0.3328;0.79999;1.0
P402;0.7272;0.94637;0.81716;0.42953;1.0
P403;0.87931;0.35143;0.25296;0.88815;3.0
P404;0.66208;0.058925;0.61368;0.77844;1.0
P405;0.5218;0.92139;0.85654;0.26485;2.0
P406;0.25477;0.77715;0.17906;0.20914;1.0
P407;0.67368;0.24919;0.50453;0.37598;2.0
P408;0.8591;0.5317;0.71151;0.79923;3.0
P409;0.47253;0.073598;0.23082;0.24286;2.0
P410;0.91253;0.85159;0.80789;0.77887;3.0
P411;0.062496;0.75132;0.5789;0.27881;3.0
P412;0.48756;0.17641;0.97846;0.51783;2.0
P413;0.91507;0.82621;0.88833;0.26396;1.0
P414;0.48982;0.033693;0.76385;0.61879;2.0
P415;0.4843;0.017944;0.88326;0.4159;2.0
P416;0.27413;0.71489;0.32617;0.31845;1.0
P417;0.091088;0.92436;0.72313;0.30051;3.0
P418;0.66594;0.55488;0.46319;0.46332;2.0
P419;0.12556;0.82884;0.73997;0.82237;1.0
P420;0.10881;0.35681;0.56125;0.44931;2.0
P421;0.4429;0.30678;0.41157;0.95774;2.0
P422;0.55311;0.67383;0.060425;0.44844;2.0
P423;0.96254;0.056167;0.50038;0.06919;2.0
P424;0.57151;0.32681;0.51568;0.19114;2.0
P425;0.07589;0.88328;0.51755;0.55716;2.0
P426;0.36247;0.41109;0.50629;0.94709;2.0
P427;0.019482;0.50217;0.42233;0.61503;2.0
P428;0.46391;0.35724;0.65497;0.81371;2.0
P429;0.9559;0.98884;0.72088;0.56458;3.0
P430;0.97757;0.46489;0.66603;0.53784;2.0
P431;0.14297;0.94682;0.49363;0.0090116;2.0
P432;0.27279;0.10023;0.096119;0.28877;3.0
P433;0.97088;0.31957;0.81;0.65497;1.0
P434;0.77192;0.39433;0.39544;0.87181;3.0
P435;0.60585;0.83857;0.3721;0.71292;1.0
P436;0.84238;0.16026;0.31483;0.73404;3.0
P437;0.67859;0.23317;0.4099;0.75385;3.0
P438;0.92351;0.16383;0.51537;0.062609;3.0
P439;0.97473;0.56859;0.28274;0.77843;1.0
P440;0.058077;0.15285;0.47488;0.016632;3.0
P441;0.026379;0.67063;0.028603;0.34949;1.0
P442;0.70977;0.89663;0.13878;0.66789;1.0
P443;0.63997;0.67485;0.11884;0.58258;2.0
P444;0.46794;0.65795;0.511;0.79361;2.0
P445;0.55717;0.41406;0.93891;0.080122;3.0
P446;0.094344;0.65556;0.35668;0.075888;1.0
P447;0.8199;0.39803;0.9422;0.49937;2.0
P448;0.37473;0.58553;0.30462;0.17494;2.0
P449;0.91223;0.81176;0.22491;0.088348;3.0
P450;0.83939;0.68186;0.10881;0.21226;3.0
P451;0.5929;0.96845;0.60434;0.55238;2.0
P452;0.095933;0.29008;0.55553;0.088702;1.0
P453;0.23832;0.015749;0.60474;0.076123;1.0
P454;0.023298;0.41013;0.79268;0.9399;3.0
P455;0.15403;0.85722;0.020924;0.50809;2.0
P456;0.88045;0.98282;0.98873;0.98336;3.0
P457;0.11896;0.81617;0.086877;0.71913;3.0
P458;0.85994;0.18944;0.90048;0.71315;1.0
P459;0.86549;0.039731;0.2381;0.29392;1.0
P460;0.89546;0.60591;0.80926;0.94505;3.0
P461;0.011689;0.73054;0.61509;0.40574;3.0
P462;0.7961;0.048225;0.27921;0.099457;1.0
P463;0.18215;0.79222;0.65091;0.040228;3.0
P464;0.032305;0.39528;0.88688;0.39511;1.0
P465;0.16315;0.059785;0.38087;0.59786;1.0
P466;0.54818;0.62074;0.86858;0.011009;1.0
P467;0.7684;0.16519;0.9129;0.30045;3.0
P468;0.77951;0.32933;0.91111;0.34749;3.0
P469;0.34907;0.26994;0.88049;0.68819;3.0
P470;0.70825;0.54109;0.21597;0.33679;2.0
P471;0.33062;0.85373;0.014207;0.12683;1.0
P472;0.61606;0.43221;0.092013;0.53303;2.0
P473;0.45889;0.57802;0.71936;0.90425;2.0
P474;0.21912;0.13648;0.30838;0.28273;3.0
P475;0.43206;0.58154;0.21307;0.52761;2.0
P476;0.63937;0.6712;0.11714;0.7948;1.0
P477;0.83113;0.83694;0.3633;0.30455;3.0
P478;0.70873;0.6344;0.33281;0.014585;3.0
P479;0.17977;0.21182;0.60879;0.74497;3.0
P480;0.5799;0.9067;0.010912;0.28481;3.0
P481;0.7779;0.40515;0.088534;0.92799;3.0
P482;0.75905;0.88864;0.55498;0.0057853;1.0
P483;0.25062;0.57505;0.96815;0.47183;2.0
P484;0.34377;0.01671;0.76444;0.13773;1.0
P485;0.73073;0.5404;0.34855;0.28569;2.0
P486;0.28728;0.85265;0.918;0.53815;1.0
P487;0.44389;0.22258;0.94703;0.33751;1.0
P488;0.83983;0.63701;0.33232;0.8137;1.0
P489;0.98366;0.71248;0.25261;0.5233;2.0
P490;0.61455;0.33373;0.44869;0.18611;2.0
P491;0.17655;0.050785;0.74019;0.88045;3.0
P492;0.064096;0.45934;0.097148;0.055614;3.0
P493;0.6857;0.86561;0.78191;0.5375;3.0
P494;0.22993;0.77586;0.27068;0.63147;3.0
P495;0.66451;0.34202;0.12861;0.88048;3.0
P496;0.84422;0.7482;0.94915;0.75416;3.0
P497;0.73505;0.62479;0.81869;0.37399;1.0
P498;0.8995;0.72809;0.12651;0.84688;1.0
P499;0.24424;0.67012;0.73112;0.49355;2.0
P500;0.88362;0.48518;0.23911;0.13189;2.0
P501;0.04563;0.574;0.11163;0.46101;2.0
P502;0.4929;0.80039;0.23079;0.11533;2.0
P503;0.58043;0.44962;0.81744;0.28767;2.0
P504;0.94895;0.27602;0.19699;0.40515;1.0
P505;0.63165;0.72584;0.87828;0.070085;1.0
P506;0.47253;0.39708;0.76035;0.39072;2.0
P507;0.12159;0.38884;0.87532;0.76494;3.0
P508;0.27971;0.60593;0.026959;0.93484;3.0
P509;0.76921;0.018593;0.23735;0.93872;3.0
P510;0.7508;0.69082;0.41012;0.31011;3.0
P511;0.018085;0.464;0.41155;0.64769;2.0
P512;0.84846;0.7691;0.23758;0.91917;1.0
P513;0.90235;0.33495;0.87596;0.64607;1.0
P514;0.67604;0.16208;0.089086;0.18345;1.0
P515;0.040598;0.58471;0.66584;0.85;1.0
P516;0.49542;0.2466;0.24757;0.97837;2.0
P517;0.68658;0.098396;0.11229;0.32492;1.0
P518;0.036871;0.40982;0.60288;0.25441;1.0
P519;0.25057;0.82319;0.96914;0.56862;1.0
P520;0.31644;0.16399;0.74581;0.73294;3.0
P521;0.16681;0.20568;0.11213;0.62932;1.0
P522;0.45963;0.097546;0.17565;0.027508;3.0
P523;0.91784;0.77013;0.3235;0.29579;3.0
P524;0.049015;0.98472;0.086871;0.12095;1.0
P525;0.28193;0.44139;0.76513;0.1437;1.0
P526;0.81513;0.13063;0.51528;0.7329;2.0
P527;0.89311;0.245;0.16727;0.46112;1.0
P528;0.79028;0.86636;0.58067;0.53365;2.0
P529;0.022639;0.065721;0.21366;0.28917;3.0
P530;0.079228;0.060339;0.15562;0.84036;1.0
P531;0.92087;0.26002;0.59925;0.1585;3.0
P532;0.51414;0.44696;0.29151;0.022928;2.0
P533;0.042467;0.67516;0.48478;0.59937;2.0
P534;0.79063;0.26149;0.20076;0.64846;3.0
P535;0.72811;0.69618;0.099033;0.48895;2.0
P536;0.0954;0.55555;0.3064;0.99326;3.0
P537;0.78949;0.043001;0.2027;0.51311;2.0
P538;0.70716;0.1666;0.84697;0.38292;3.0
P539;0.38981;0.58668;0.6981;0.54609;2.0
P540;0.90614;0.50939;0.34719;0.074007;2.0
P541;0.12735;0.99937;0.66061;0.83291;1.0
P542;0.46034;0.97855;0.38438;0.25391;2.0
P543;0.52728;0.76478;0.54465;0.17022;2.0
P544;0.61405;0.23424;0.14027;0.47142;2.0
P545;0.051782;0.73691;0.66315;0.23168;3.0
P546;0.021533;0.66668;0.47009;0.30479;2.0
P547;0.11148;0.62223;0.43848;0.49778;2.0
P548;0.5553;0.85545;0.77934;0.84346;3.0
P549;0.60507;0.5483;0.10926;0.82381;2.0
P550;0.78404;0.90508;0.69475;0.057085;1.0
P551;0.95476;0.017759;0.060601;0.14365;1.0
P552;0.19432;0.58587;0.58173;0.25687;3.0
P553;0.46668;0.28112;0.37417;0.88954;2.0
P554;0.91112;0.74389;0.3591;0.24843;3.0
P555;0.41596;0.21592;0.71743;0.3728;2.0
P556;0.29801;0.050962;0.6979;0.30859;1.0
P557;0.25736;0.28183;0.79496;0.42567;1.0
P558;0.8319;0.13353;0.58494;0.12721;3.0
P559;0.69454;0.45686;0.45504;0.77707;2.0
P560;0.0061785;0.22297;0.18888;0.20815;3.0
P561;0.63715;0.55327;0.16563;0.79096;2.0
P562;0.81501;0.071151;0.87743;0.85278;1.0
P563;0.66132;0.097494;0.42795;0.0050805;1.0
P564;0.33493;0.32432;0.41207;0.82327;2.0
P565;0.95916;0.62882;0.50038;0.28351;2.0
P566;0.53535;0.75173;0.55481;0.10997;2.0
P567;0.56664;0.44605;0.42619;0.41866;2.0
P568;0.11586;0.23143;0.79368;0.16045;1.0
P569;0.50892;0.56774;0.41821;0.055533;2.0
P570;0.81497;0.21289;0.21929;0.76543;3.0
P571;0.63227;0.27184;0.65101;0.86085;1.0
P572;0.13009;0.17591;0.93082;0.79202;3.0
P573;0.53324;0.77561;0.20015;0.29718;3.0
P574;0.95108;0.081863;0.79395;0.86361;1.0
P575;0.077994;0.54873;0.39088;0.73225;2.0
P576;0.43673;0.73206;0.50184;0.060883;2.0
P577;0.78166;0.65325;0.91334;0.66735;3.0
P578;0.16364;0.65303;0.40549;0.072597;1.0
P579;0.69284;0.68867;0.63968;0.097001;1.0
P580;0.43468;0.11079;0.40063;0.51625;2.0
P581;0.8199;0.35785;0.17964;0.73186;3.0
P582;0.55441;0.60094;0.86637;0.28421;2.0
P583;0.78815;0.34791;0.8892;0.98487;1.0
P584;0.2679;0.81206;0.50909;0.57945;2.0
P585;0.52928;0.11723;0.22834;0.93734;3.0
P586;0.64921;0.41594;0.92746;0.23863;3.0
P587;0.18094;0.79478;0.20073;0.84489;3.0
P588;0.1981;0.87672;0.67162;0.45182;3.0
P589;0.15565;0.35321;0.47032;0.062413;2.0
P590;0.98586;0.81507;0.84251;0.075773;1.0
P591;0.25056;0.12316;0.025456;0.78743;1.0
P592;0.37262;0.34803;0.45139;0.10733;2.0
P593;0.47932;0.46059;0.4189;0.98955;2.0
P594;0.30442;0.45537;0.046928;0.49931;2.0
P595;0.71143;0.38611;0.92597;0.74091;1.0
P596;0.47088;0.062243;0.96323;0.35271;2.0
P597;0.6267;0.42074;0.23661;0.073105;1.0
P598;0.20828;0.99117;0.37233;0.8236;3.0
P599;0.39161;0.80854;0.65951;0.24194;3.0
P600;0.17107;0.54967;0.30584;0.056488;1.0
P601;0.58053;0.80674;0.93143;0.058505;1.0
P602;0.27676;0.45563;0.18792;0.70913;2.0
P603;0.092044;0.5872;0.7124;0.42737;3.0
P604;0.26064;0.99879;0.10381;0.69816;3.0
P605;0.8372;0.73366;0.31232;0.84034;1.0
P606;0.75296;0.46672;0.78986;0.37704;2.0
P607;0.36453;0.61642;0.14447;0.53283;2.0
P608;0.59964;0.12908;0.31461;0.74692;3.0
P609;0.34273;0.89675;0.76636;0.39966;3.0
P610;0.43648;0.16653;0.29961;0.76573;1.0
P611;0.25822;0.22241;0.63747;0.46728;2.0
P612;0.43207;0.62833;0.72679;0.88221;1.0
P613;0.035584;0.49423;0.71053;0.27507;2.0
P614;0.078729;0.46108;0.66499;0.71357;2.0
P615;0.33946;0.10364;0.34448;0.13323;3.0
P616;0.20844;0.088081;0.74739;0.3433;1.0
P617;0.74321;0.90746;0.77858;0.52167;3.0
P618;0.49821;0.39857;0.67714;0.33074;2.0
P619;0.068514;0.024451;0.18507;0.69477;1.0
P620;0.39016;0.46689;0.30505;0.85907;2.0
P621;0.25884;0.85829;0.31398;0.91355;3.0
P622;0.75518;0.86357;0.99826;0.87042;3.0
P623;0.87903;0.50546;0.78579;0.77039;2.0
P624;0.86876;0.48788;0.70046;0.74728;2.0
P625;0.21249;0.23682;0.83418;0.70419;3.0
P626;0.44548;0.97052;0.36565;0.59857;2.0
P627;0.022415;0.14604;0.82969;0.67924;3.0
P628;0.77655;0.12172;0.76668;0.29969;3.0
P629;0.40071;0.30936;0.64725;0.54044;2.0
P630;0.62333;0.87965;0.030901;0.92659;1.0
P631;0.97355;0.27996;0.99954;0.70545;1.0
P632;0.37902;0.6013;0.77682;0.77125;1.0
P633;0.69684;0.26937;0.32746;0.57659;2.0
P634;0.45231;0.91362;0.042785;0.96288;3.0
P635;0.44348;0.60538;0.46198;0.030706;2.0
P636;0.24376;0.16223;0.57286;0.52853;2.0
P637;0.16773;0.92008;0.52721;0.26778;3.0
P638;0.64442;0.10689;0.25529;0.19298;1.0
P639;0.012675;0.14354;0.80967;0.17387;1.0
P640;0.010867;0.63957;0.75494;0.18394;3.0
P641;0.41352;0.26501;0.70834;0.29586;1.0
P642;0.32347;0.0099642;0.82103;0.37756;1.0
P643;0.34461;0.85261;0.33306;0.63427;3.0
P644;0.24418;0.30822;0.48856;0.38001;2.0
P645;0.40985;0.90853;0.98101;0.46391;3.0
P646;0.048102;0.45835;0.94499;0.75572;3.0
P647;0.94819;0.32864;0.15252;0.2556;1.0
P648;0.037086;0.99129;0.99465;0.68158;1.0
P649;0.53398;0.81354;0.62701;0.040635;2.0
P650;0.52372;0.29506;0.082083;0.45409;2.0
P651;0.086671;0.87588;0.4458;0.79701;3.0
P652;0.23174;0.31691;0.30606;0.56577;2.0
P653;0.38349;0.95978;0.44869;0.60743;2.0
P654;0.42472;0.92859;0.27236;0.75185;3.0
P655;0.77362;0.49614;0.23882;0.6743;2.0
P656;0.85297;0.49176;0.9568;0.73165;2.0
P657;0.94575;0.9922;0.84024;0.36195;1.0
P658;0.11823;0.39486;0.88212;0.89529;3.0
P659;0.18772;0.94727;0.92671;0.97175;1.0
P660;0.10912;0.091402;0.95329;0.011284;1.0
P661;0.45447;0.38275;0.062521;0.54534;2.0
P662;0.20217;0.73052;0.90778;0.70893;1.0
P663;0.28332;0.74619;0.86857;0.92897;1.0
P664;0.34016;0.17341;0.011051;0.034078;3.0
P665;0.61038;0.36196;0.24095;0.91505;3.0
P666;0.65667;0.66136;0.92998;0.57807;2.0
P667;0.97967;0.62777;0.46018;0.14044;3.0
P668;0.42371;0.72474;0.44775;0.30896;2.0
P669;0.83536;0.6726;0.071533;0.24792;3.0
P670;0.18947;0.042894;0.50291;0.047295;2.0
P671;0.39123;0.29976;0.38078;0.19861;3.0
P672;0.56211;0.48737;0.34915;0.29814;2.0
P673;0.95684;0.34393;0.0065717;0.98957;3.0
P674;0.044218;0.075561;0.76974;0.9734;3.0
P675;0.064534;0.3362;0.97075;0.50019;2.0
P676;0.90834;0.12245;0.36556;0.58954;3.0
P677;0.69397;0.14274;0.43483;0.7323;3.0
P678;0.85429;0.37643;0.87089;0.9955;1.0
P679;0.77237;0.75863;0.090617;0.95201;1.0
P680;0.95805;0.86453;0.95874;0.0046135;1.0
P681;0.38265;0.85662;0.52387;0.89028;2.0
P682;0.42107;0.13303;0.32772;0.24389;3.0
P683;0.26081;0.86323;0.49101;0.086881;2.0
P684;0.49749;0.5943;0.70915;0.89753;2.0
P685;0.009572;0.59026;0.19094;0.89907;3.0
P686;0.87877;0.91798;0.56248;0.26016;1.0
P687;0.32991;0.05594;0.61768;0.74565;3.0
P688;0.19401;0.70468;0.15208;0.39838;1.0
P689;0.2821;0.49798;0.95258;0.68807;2.0
P690;0.95007;0.36581;0.20994;0.0023421;1.0
P691;0.64139;0.99821;0.87637;0.84044;3.0
P692;0.27909;0.955;0.23243;0.79167;3.0
P693;0.30723;0.51332;0.45868;0.27421;2.0
P694;0.44284;0.67028;0.90472;0.8475;1.0
P695;0.8916;0.0018905;0.58646;0.30182;3.0
P696;0.32534;0.49295;0.039817;0.14238;2.0
P697;0.37454;0.53126;0.27739;0.69703;2.0
P698;0.77548;0.30587;0.25137;0.20729;1.0
P699;0.65743;0.85984;0.21486;0.1873;3.0
P700;0.0060107;0.066211;0.67613;0.37292;1.0
P701;0.087571;0.53442;0.55332;0.71492;2.0
P702;0.24975;0.0063092;0.20279;0.42452;3.0
P703;0.26161;0.66201;0.98611;0.29883;3.0
P704;0.11246;0.53883;0.028451;0.6776;3.0
P705;0.49478;0.44559;0.65058;0.33509;2.0
P706;0.47123;0.78413;0.097227;0.94814;3.0
P707;0.53612;0.16057;0.38276;0.1147;2.0
P708;0.93425;0.15457;0.32433;0.91332;3.0
P709;0.062091;0.81234;0.089585;0.92193;3.0
P710;0.084308;0.97788;0.27071;0.013788;1.0
P711;0.80198;0.28514;0.89783;0.033616;3.0
P712;0.50933;0.65731;0.67703;0.53138;2.0
P713;0.38979;0.80674;0.4982;0.73766;2.0
P714;0.11872;0.82003;0.46075;0.69346;3.0
P715;0.65524;0.30514;0.55078;0.54634;2.0
P716;0.2609;0.074208;0.33068;0.32507;3.0
P717;0.52045;0.6176;0.18652;0.57887;2.0
P718;0.034057;0.13616;0.11515;0.89736;1.0
P719;0.96266;0.80916;0.5859;0.89015;3.0
P720;0.93234;0.97788;0.36434;0.30385;3.0
P721;0.52275;0.90043;0.075328;0.26437;3.0
P722;0.62745;0.18276;0.3306;0.66764;3.0
P723;0.84558;0.92203;0.59412;0.30795;1.0
P724;0.87544;0.13656;0.50184;0.63451;2.0
P725;0.054172;0.043354;0.7813;0.56031;3.0
P726;0.071269;0.67279;0.8234;0.099707;3.0
P727;0.19541;0.1277;0.89722;0.38143;1.0
P728;0.54164;0.21927;0.56958;0.56762;2.0
P729;0.54629;0.65885;0.039997;0.05017;3.0
P730;0.26187;0.32259;0.95749;0.47998;2.0
P731;0.20938;0.50248;0.89939;0.023293;2.0
P732;0.7362;0.53442;0.15234;0.43978;2.0
P733;0.4061;0.45909;0.66617;0.24235;2.0
P734;0.51549;0.51868;0.057671;0.81143;2.0
P735;0.71058;0.57217;0.86807;0.43932;2.0
P736;0.99147;0.38424;0.5683;0.8878;1.0
P737;0.15595;0.85608;0.31096;0.10434;1.0
P738;0.47439;0.35563;0.10337;0.9369;2.0
P739;0.47928;0.85859;0.053193;0.3735;2.0
P740;0.42391;0.42006;0.97007;0.16151;1.0
P741;0.48734;0.2304;0.094182;0.014795;3.0
P742;0.99428;0.72332;0.6559;0.36635;1.0
P743;0.081361;0.093562;0.37082;0.42994;3.0
P744;0.013807;0.15323;0.55848;0.42656;2.0
P745;0.98654;0.90507;0.84939;0.017123;1.0
P746;0.95018;0.57373;0.79604;0.30754;1.0
P747;0.78428;0.68235;0.72325;0.27028;1.0
P748;0.074258;0.078246;0.57125;0.86722;3.0
P749;0.41759;0.35207;0.38513;0.71806;2.0
P750;0.35924;0.35332;0.87719;0.22995;1.0
P751;0.9867;0.11506;0.74655;0.31391;3.0
P752;0.93905;0.49244;0.067616;0.979;2.0
P753;0.015435;0.43329;0.041245;0.94155;1.0
P754;0.47326;0.2323;0.85165;0.77303;3.0
P755;0.89816;0.19939;0.58698;0.83114;1.0
P756;0.14367;0.25713;0.66101;0.055753;1.0
P757;0.24573;0.09397;0.58798;0.14228;1.0
P758;0.13147;0.26959;0.25762;0.50429;2.0
P759;0.70308;0.19645;0.68049;0.67429;1.0
P760;0.33005;0.4175;0.89525;0.17585;1.0
P761;0.10348;0.017978;0.38113;0.39016;3.0
P762;0.22132;0.19196;0.31434;0.91847;1.0
P763;0.85017;0.26542;0.15775;0.96232;3.0
P764;0.78812;0.59661;0.67092;0.76007;3.0
P765;0.18567;0.11649;0.53172;0.072998;1.0
P766;0.39484;0.15374;0.81094;0.42301;1.0
P767;0.25963;0.42094;0.51493;0.17793;2.0
P768;0.59877;0.044102;0.18858;0.26003;1.0
P769;0.66782;0.47771;0.77852;0.41672;2.0
P770;0.07644;0.95113;0.90495;0.2326;3.0
P771;0.39268;0.89156;0.5637;0.17107;3.0
P772;0.23156;0.91117;0.59977;0.43467;3.0
P773;0.94617;0.21506;0.61991;0.22503;3.0
P774;0.35942;0.62527;0.65054;0.9474;1.0
P775;0.29073;0.014954;0.13197;0.37752;3.0
P776;0.095944;0.78393;0.25155;0.35932;1.0
P777;0.64494;0.0084699;0.69087;0.99116;1.0
P778;0.49612;0.76114;0.38126;0.32591;2.0
P779;0.26644;0.33121;0.55923;0.89233;3.0
P780;0.73287;0.10455;0.19737;0.36996;1.0
P781;0.9493;0.9088;0.78479;0.0024075;1.0
P782;0.96572;0.77222;0.62049;0.76093;3.0
P783;0.82845;0.1243;0.22965;0.42666;1.0
P784;0.18988;0.95968;0.089151;0.13019;1.0
P785;0.78447;0.3399;0.98187;0.85199;1.0
P786;0.45972;0.6083;0.64713;0.47054;2.0
P787;0.12537;0.57559;0.72561;0.01299;3.0
P788;0.38312;0.98599;0.61478;0.939;1.0
P789;0.067425;0.98656;0.97631;0.37737;3.0
P790;0.91051;0.45939;0.25071;0.86728;3.0
P791;0.97541;0.37622;0.28108;0.87287;3.0
P792;0.69808;0.031795;0.5502;0.021665;3.0
P793;0.24596;0.71912;0.95575;0.87391;1.0
P794;0.67544;0.25188;0.25183;0.87031;3.0
P795;0.089906;0.40676;0.5382;0.10719;2.0
P796;0.96836;0.82575;0.58284;0.95924;3.0
P797;0.66478;0.56693;0.48368;0.41468;2.0
P798;0.11319;0.57615;0.48145;0.91716;2.0
P799;0.082766;0.30417;0.29156;0.53579;2.0
P800;0.035856;0.28953;0.1816;0.24854;3.0
P801;0.57197;0.27141;0.23275;0.7819;3.0
P802;0.83962;0.70946;0.48835;0.60088;2.0
P803;0.76835;0.24039;0.66451;0.20364;3.0
P804;0.99962;0.55998;0.042035;0.37629;3.0
P805;0.60511;0.32603;0.95052;0.065367;3.0
P806;0.36724;0.27817;0.44571;0.98748;2.0
P807;0.01691;0.26539;0.4304;0.51633;2.0
P808;0.23545;0.50247;0.74758;0.94576;2.0
P809;0.67927;0.5679;0.24507;0.21698;3.0
P810;0.42901;0.12611;0.74284;0.68674;3.0
P811;0.16628;0.048868;0.28462;0.46648;3.0
P812;0.54274;0.81317;0.061385;0.25584;3.0
P813;0.58861;0.20145;0.61276;0.83683;1.0
P814;0.81161;0.71891;0.37855;0.29131;3.0
P815;0.47221;0.68499;0.81876;0.11606;2.0
P816;0.91847;0.1639;0.050719;0.38253;1.0
P817;0.86349;0.84676;0.88273;0.21276;1.0
P818;0.52184;0.47599;0.081084;0.50856;2.0
P819;0.52894;0.70903;0.83628;0.52005;2.0
P820;0.67959;0.29709;0.6967;0.91902;1.0
P821;0.68168;0.2269;0.60334;0.94519;1.0
P822;0.18906;0.90253;0.51372;0.95029;1.0
P823;0.47225;0.62006;0.2478;0.49645;2.0
P824;0.61696;0.23226;0.70422;0.57644;2.0
P825;0.92593;0.6;0.54672;0.99012;3.0
P826;0.16615;0.13432;0.88159;0.56895;3.0
P827;0.86412;0.05369;0.13456;0.61402;3.0
P828;0.27426;0.20599;0.86882;0.15001;1.0
P829;0.57397;0.22954;0.98089;0.30707;3.0
P830;0.1248;0.64069;0.36998;0.72616;3.0
P831;0.51764;0.21968;0.19444;0.56411;2.0
P832;0.080843;0.66906;0.48387;0.14573;2.0
P833;0.37027;0.66113;0.43807;0.55157;2.0
P834;0.67409;0.30338;0.15959;0.62523;3.0
P835;0.026344;0.56684;0.9235;0.68351;1.0
P836;0.65179;0.65353;0.4199;0.67361;2.0
P837;0.89267;0.6657;0.65926;0.29389;1.0
P838;0.45022;0.50343;0.41954;0.14213;2.0
P839;0.86694;0.031432;0.93549;0.96334;1.0
P840;0.75049;0.76335;0.7124;0.57054;3.0
P841;0.44816;0.78684;0.95256;0.20491;3.0
P842;0.60665;0.82393;0.91537;0.2638;1.0
P843;0.70024;0.38285;0.18268;0.090771;1.0
P844;0.23347;0.35361;0.66852;0.67852;3.0
P845;0.45408;0.33052;0.096526;0.94148;1.0
P846;0.047725;0.70245;0.98418;0.1532;3.0
P847;0.61133;0.38389;0.74369;0.66731;2.0
P848;0.01709;0.031135;0.21336;0.78165;1.0
P849;0.62432;0.45664;0.61739;0.9012;2.0
P850;0.19436;0.27942;0.3356;0.50916;2.0
P851;0.50582;0.33628;0.63261;0.38363;2.0
P852;0.4798;0.052184;0.51576;0.75185;2.0
P853;0.71055;0.53999;0.78692;0.45334;2.0
P854;0.69033;0.38094;0.50261;0.57041;2.0
P855;0.72605;0.99844;0.16454;0.32343;3.0
P856;0.44104;0.52962;0.50746;0.26842;2.0
P857;0.32863;0.88644;0.82281;0.73087;1.0
P858;0.5471;0.81557;0.42882;0.0072684;2.0
P859;0.85838;0.32469;0.15769;0.64829;3.0
P860;0.91438;0.26616;0.67489;0.20453;3.0
P861;0.626;0.27781;0.27663;0.65449;3.0
P862;0.51721;0.75444;0.37479;0.27667;2.0
P863;0.53748;0.97893;0.3968;0.85859;2.0
P864;0.161;0.64246;0.13212;0.39125;1.0
P865;0.13823;0.85224;0.96623;0.72523;1.0
P866;0.59546;0.85524;0.96116;0.28253;1.0
P867;0.60696;0.55886;0.01401;0.39176;2.0
P868;0.64431;0.25309;0.50937;0.27975;2.0
P869;0.063605;0.37663;0.19509;0.56574;2.0
P870;0.063451;0.54504;0.85302;0.37699;2.0
P871;0.60386;0.044818;0.85288;0.12941;3.0
P872;0.40825;0.33469;0.5743;0.15257;1.0
P873;0.43881;0.80258;0.31696;0.70738;3.0
P874;0.079413;0.49356;0.38675;0.26774;2.0
P875;0.40766;0.2588;0.76481;0.83515;3.0
P876;0.1129;0.28468;0.68043;0.1707;1.0
P877;0.99711;0.81692;0.1253;0.67709;1.0
P878;0.70589;0.59134;0.61984;0.24304;2.0
P879;0.46544;0.39387;0.68767;0.64738;2.0
P880;0.12049;0.11091;0.76028;0.33426;1.0
P881;0.75077;0.99649;0.22713;0.46171;3.0
P882;0.96525;0.0053003;0.22429;0.70652;3.0
P883;0.86674;0.25152;0.015016;0.35665;1.0
P884;0.87976;0.67035;0.58533;0.30758;1.0
P885;0.17366;0.62119;0.73277;0.74083;1.0
P886;0.28773;0.42198;0.86456;0.78394;3.0
P887;0.8513;0.63027;0.078845;0.53563;2.0
P888;0.46256;0.039344;0.4326;0.21387;2.0
P889;0.99716;0.44596;0.80479;0.3835;3.0
P890;0.28109;0.32819;0.50957;0.6013;2.0
P891;0.35818;0.7975;0.40499;0.80866;3.0
P892;0.74001;0.8556;0.46569;0.095068;3.0
P893;0.54662;0.92335;0.36857;0.76773;2.0
P894;0.57145;0.29594;0.56203;0.87343;2.0
P895;0.073853;0.90259;0.55235;0.83097;1.0
P896;0.083239;0.095264;0.18262;0.91711;1.0
P897;0.19752;0.39499;0.67291;0.40919;2.0
P898;0.89681;0.678;0.64239;0.88349;3.0
P899;0.67351;0.15342;0.8163;0.47765;2.0
P900;0.60734;0.065262;0.26497;0.031321;1.0
P901;0.051651;0.10637;0.79917;0.95777;3.0
P902;0.50785;0.096461;0.31144;0.5529;2.0
P903;0.30096;0.39589;0.71528;0.28408;1.0
P904;0.24054;0.98517;0.91326;0.3991;3.0
P905;0.776;0.56895;0.70356;0.31989;2.0
P906;0.89251;0.28227;0.08689;0.78402;3.0
P907;0.05307;0.66862;0.50784;0.0056765;2.0
P908;0.55663;0.61936;0.77618;0.73481;2.0
P909;0.15135;0.91546;0.50325;0.60598;2.0
P910;0.98934;0.2074;0.058534;0.66589;3.0
P911;0.52621;0.050989;0.668;0.83644;1.0
P912;0.5365;0.70306;0.40968;0.084362;2.0
P913;0.71248;0.15972;0.0010482;0.69504;3.0
P914;0.81873;0.67106;0.67428;0.343;1.0
P915;0.8741;0.068315;0.46138;0.75305;3.0
P916;0.62171;0.029748;0.95766;0.13133;3.0
P917;0.010607;0.84162;0.38658;0.72096;3.0
P918;0.22227;0.75393;0.26018;0.025025;1.0
P919;0.052616;0.097785;0.20808;0.40462;3.0
P920;0.51446;0.20848;0.63465;0.85816;2.0
P921;0.89284;0.086949;0.35434;0.82149;3.0
P922;0.57962;0.86574;0.13537;0.33354;3.0
P923;0.62805;0.024588;0.21673;0.65207;3.0
P924;0.14429;0.25157;0.60609;0.39055;1.0
P925;0.74862;0.61562;0.4438;0.44207;2.0
P926;0.28066;0.46839;0.48043;0.60114;2.0
P927;0.86878;0.73836;0.887;0.98887;3.0
P928;0.80212;0.19522;0.012599;0.07456;1.0
P929;0.48838;0.54826;0.57849;0.35631;2.0
P930;0.97357;0.45912;0.066439;0.20607;1.0
P931;0.52716;0.97137;0.29245;0.4032;2.0
P932;0.21756;0.3242;0.48701;0.3612;2.0
P933;0.19658;0.20261;0.17622;0.78678;1.0
P934;0.017692;0.56728;0.49605;0.54536;2.0
P935;0.34433;0.48313;0.62185;0.70972;2.0
P936;0.8353;0.29242;0.73198;0.52498;2.0
P937;0.27467;0.40515;0.98786;0.58398;3.0
P938;0.65756;0.50276;0.40204;0.22033;2.0
P939;0.16977;0.78968;0.88456;0.68259;1.0
P940;0.29463;0.093268;0.19036;0.33419;3.0
P941;0.37061;0.20148;0.6668;0.68949;3.0
P942;0.64893;0.024774;0.48939;0.9751;2.0
P943;0.56778;0.68136;0.46988;0.70573;2.0
P944;0.51224;0.73535;0.38486;0.59897;2.0
P945;0.060419;0.14947;0.14744;0.17131;3.0
P946;0.77783;0.3099;0.81722;0.84302;1.0
P947;0.030009;0.33182;0.11031;0.49;2.0
P948;0.68038;0.1866;0.81554;0.2596;3.0
P949;0.89274;0.68762;0.8204;0.20402;1.0
P950;0.37102;0.56463;0.26821;0.91728;3.0
P951;0.62362;0.54421;0.096805;0.77407;2.0
P952;0.69267;0.93355;0.55698;0.80092;3.0
P953;0.78498;0.031417;0.83154;0.12868;3.0
P954;0.63241;0.66231;0.67697;0.3334;2.0
P955;0.69029;0.77517;0.25518;0.3391;3.0
P956;0.80262;0.64795;0.27346;0.22561;3.0
P957;0.37579;0.98473;0.2768;0.99659;3.0
P958;0.047874;0.95503;0.72629;0.22762;3.0
P959;0.103;0.75075;0.74999;0.27221;3.0
P960;0.5405;0.096796;0.35185;0.34842;2.0
P961;0.84933;0.46907;0.95373;0.36732;3.0
P962;0.53247;0.10415;0.95161;0.54079;2.0
P963;0.90861;0.37215;0.59993;0.54879;2.0
P964;0.089655;0.069776;0.7166;0.10648;1.0
P965;0.86395;0.91174;0.8968;0.48538;2.0
P966;0.85745;0.59991;0.11423;0.37521;3.0
P967;0.8829;0.9813;0.43484;0.53433;2.0
P968;0.07436;0.91276;0.84435;0.76198;1.0
P969;0.34216;0.50037;0.6297;0.57082;2.0
P970;0.22821;0.047345;0.82025;0.16199;1.0
P971;0.84441;0.69408;0.073181;0.19651;3.0
P972;0.1341;0.074033;0.97976;0.030267;1.0
P973;0.8813;0.53236;0.71974;0.49119;2.0
P974;0.19367;0.63131;0.96651;0.11704;3.0
P975;0.84662;0.84668;0.34797;0.55366;1.0
P976;0.20798;0.62368;0.59793;0.36907;2.0
P977;0.67054;0.075724;0.48322;0.41378;2.0
P978;0.21645;0.29975;0.83074;0.30537;1.0
P979;0.064747;0.88323;0.071397;0.36968;1.0
P980;0.42913;0.73346;0.46427;0.29167;2.0
P981;0.30308;0.59063;0.20843;0.87363;3.0
P982;0.58556;0.62789;0.69878;0.64306;2.0
P983;0.24579;0.75978;0.73194;0.75129;1.0
P984;0.74005;0.24736;0.080464;0.81872;3.0
P985;0.22302;0.221;0.39879;0.81004;1.0
P986;0.00041855;0.2815;0.92252;0.3898;1.0
P987;0.0029276;0.7775;0.43647;0.04423;1.0
P988;0.9257;0.41811;0.23732;0.024134;1.0
P989;0.039692;0.10836;0.22884;0.87186;1.0
P990;0.53707;0.41429;0.27137;0.90599;2.0
P991;0.19161;0.91223;0.81006;0.3169;3.0
P992;0.16365;0.5639;0.44393;0.76094;2.0
P993;0.69724;0.79453;0.91014;0.64891;3.0
P994;0.66872;0.30825;0.44527;0.82299;2.0
P995;0.78439;0.095809;0.41411;0.85152;3.0
P996;0.52205;0.07924;0.59038;0.27728;2.0
P997;0.79582;0.55924;0.4439;0.1145;3.0
P998;0.57807;0.35913;0.073021;0.60933;2.0
P999;0.51532;0.80532;0.44834;0.15618;2.0
