192 5
-1 0.479753 0.560837 0.269064 0.230163 0.314539 
1 0.303477 0.021174 0.006426 0.092098 0.000448 
1 0.184066 0.269484 0.049603 0.033880 0.072622 
1 0.157401 0.371894 0.058537 0.024775 0.138305 
-1 0.410437 0.438853 0.180122 0.168459 0.192592 
-1 0.683164 0.888836 0.607221 0.466713 0.790029 
-1 0.562700 0.675175 0.379921 0.316631 0.455861 
-1 0.663583 0.779117 0.517009 0.440343 0.607023 
-1 0.540432 0.806032 0.435605 0.292066 0.649688 
-1 0.807496 0.247228 0.199636 0.652050 0.061122 
1 0.301504 0.290976 0.087731 0.090905 0.084667 
-1 0.816893 0.389329 0.318040 0.667314 0.151577 
-1 0.496664 0.556348 0.276318 0.246675 0.309523 
-1 0.694428 0.574841 0.399186 0.482230 0.330442 
-1 0.447573 0.451377 0.202024 0.200322 0.203741 
-1 0.590050 0.467262 0.275708 0.348159 0.218333 
-1 0.288453 0.491876 0.141883 0.083205 0.241942 
-1 0.534898 0.381783 0.204215 0.286116 0.145759 
-1 0.671013 1.000000 0.671013 0.450259 1.000000 
-1 0.822666 0.673407 0.553989 0.676780 0.453477 
-1 0.519877 0.323525 0.168193 0.270272 0.104669 
-1 0.512131 0.557233 0.285376 0.262278 0.310509 
-1 0.504620 0.785297 0.396277 0.254641 0.616692 
-1 0.428109 0.715207 0.306186 0.183277 0.511521 
-1 0.477775 0.666578 0.318475 0.228269 0.444326 
1 0.150356 0.211297 0.031770 0.022607 0.044646 
-1 0.417268 0.483566 0.201777 0.174112 0.233836 
1 0.406719 0.422131 0.171689 0.165421 0.178194 
1 0.198274 0.354054 0.070200 0.039312 0.125354 
1 0.341367 0.389257 0.132879 0.116531 0.151521 
1 0.289021 0.240622 0.069545 0.083533 0.057899 
1 0.293628 0.270520 0.079432 0.086217 0.073181 
1 0.290405 0.320535 0.093085 0.084335 0.102743 
-1 0.534415 0.456175 0.243787 0.285599 0.208096 
-1 0.414485 0.717574 0.297424 0.171798 0.514913 
-1 0.577611 0.534370 0.308658 0.333634 0.285552 
1 0.450942 0.243404 0.109761 0.203348 0.059245 
1 0.262913 0.226634 0.059585 0.069123 0.051363 
1 0.312594 0.458868 0.143439 0.097715 0.210560 
1 0.346899 0.366180 0.127028 0.120339 0.134088 
1 0.406763 0.229310 0.093275 0.165456 0.052583 
1 0.223848 0.245148 0.054876 0.050108 0.060098 
-1 0.412081 0.560858 0.231119 0.169811 0.314562 
1 0.178820 0.270183 0.048314 0.031977 0.072999 
-1 0.507660 0.594473 0.301790 0.257718 0.353398 
1 0.412121 0.080566 0.033203 0.169844 0.006491 
1 0.255801 0.298901 0.076459 0.065434 0.089342 
1 0.515494 0.338602 0.174547 0.265734 0.114651 
-1 0.519938 0.748992 0.389430 0.270336 0.560989 
1 0.116877 0.423289 0.049473 0.013660 0.179174 
1 0.234404 0.313992 0.073601 0.054945 0.098591 
-1 0.601240 0.553322 0.332679 0.361489 0.306166 
1 0.260858 0.320774 0.083677 0.068047 0.102896 
1 0.484062 0.327781 0.158667 0.234316 0.107441 
-1 0.693672 0.489448 0.339516 0.481181 0.239559 
-1 0.572013 0.538401 0.307972 0.327199 0.289875 
-1 0.639723 0.722547 0.462230 0.409246 0.522074 
1 0.239726 0.316818 0.075949 0.057468 0.100373 
1 0.498499 0.379015 0.188939 0.248502 0.143653 